absorption length in metre (250-800nm, 1nm steps)

LAB_abs_length: [0.009818463102824148,
 0.00979062454976198,
 0.00976213143784001,
 0.009732983465220377,
 0.009790816577626555,
 0.00973291366536486,
 0.009672062836987076,
 0.009672026218433603,
 0.009607681329386645,
 0.009607379523594719,
 0.009607086237541418,
 0.009701602826641387,
 0.009701256084097352,
 0.009638614647445974,
 0.009638368649387333,
 0.009700367669450954,
 0.00973003093358518,
 0.009669039509164815,
 0.009668830702328294,
 0.00972943584692425,
 0.009758617361914301,
 0.00986882638105679,
 0.009894893206550074,
 0.009868987848998064,
 0.009994205034152904,
 0.010129685929173208,
 0.010232733001519306,
 0.010399874182271708,
 0.010548817060183718,
 0.010669192172532383,
 0.010753363580057664,
 0.010793979798206229,
 0.010846271734732531,
 0.010896753812613895,
 0.01089697254277428,
 0.010933819513987735,
 0.010981458013867,
 0.011004717972411378,
 0.011004737492075166,
 0.010981352498643479,
 0.011004500472270912,
 0.011038675044861914,
 0.011049746420064434,
 0.011038262614438014,
 0.011038156004783648,
 0.011060378051816908,
 0.011082186362313552,
 0.011103657833822222,
 0.011103473309351398,
 0.011114057885534543,
 0.011113699527175601,
 0.011124035776236059,
 0.011155409489468545,
 0.01117603264851283,
 0.011175670282484593,
 0.011195776792694059,
 0.011215561858321918,
 0.011225003357547699,
 0.011244589153099288,
 0.01125406502624,
 0.011282817344720347,
 0.011301608499897389,
 0.011310750660103897,
 0.011329309944256682,
 0.011347538846237506,
 0.011356310046716313,
 0.011355941834855153,
 0.01134641820150721,
 0.011327433548702111,
 0.011306922457771684,
 0.011286579374618669,
 0.011314778959174359,
 0.011323983785435858,
 0.011370019156310607,
 0.011676736137450398,
 0.012520703010607181,
 0.014321547455881514,
 0.01753328892034876,
 0.022633119501744636,
 0.030401878451371208,
 0.04187710575701827,
 0.058543272008364636,
 0.08244761897501136,
 0.11596679347695238,
 0.16220875703234203,
 0.22504986703247115,
 0.30632656103209444,
 0.404258104722379,
 0.5142561744718853,
 0.6318940795053789,
 0.7531335851959626,
 0.8734453197845056,
 0.9876389645993039,
 1.0879392818037823,
 1.176057414166085,
 1.265500559191246,
 1.3615527538741947,
 1.4681534833279872,
 1.605346844724252,
 1.757210123015383,
 1.9202125918700619,
 2.1054660488837538,
 2.3087261809752366,
 2.499968235685309,
 2.671759347297766,
 2.859834597018648,
 3.0306663077686795,
 3.195221320653707,
 3.356995299553621,
 3.4763025846734323,
 3.638831017203618,
 3.774176430896428,
 3.850128385667127,
 3.9079859795127505,
 4.026838033409847,
 4.10292377801844,
 4.1718970403770586,
 4.2749727522714025,
 4.3299549541700095,
 4.3766449854202545,
 4.549015207952779,
 4.574891835070597,
 4.6039911152682285,
 4.742759439808364,
 4.841633020103143,
 4.895113637322497,
 4.946969836009246,
 5.012054032351435,
 5.124418665525098,
 5.708392243733597,
 5.973789297156148,
 5.9402883586821495,
 5.989442585895074,
 6.118547223207267,
 6.183888393895084,
 6.265067540439293,
 6.339140007345674,
 6.383867145424842,
 6.382928893345855,
 6.436853148114007,
 6.54846926874626,
 6.640588408306606,
 6.671190198206632,
 6.803924203403601,
 6.894657594907952,
 6.924338040549296,
 6.974377419355261,
 7.047946801415964,
 7.170125175883307,
 7.233419085663751,
 7.3897308474264385,
 7.428916898789805,
 7.485254772548289,
 7.675759666017182,
 7.767742477253655,
 7.864804090967982,
 7.910646300605677,
 8.110074358604145,
 8.061898680216302,
 8.081400854172909,
 8.148114107002847,
 8.125247556655784,
 8.192689717095865,
 8.240882009549376,
 8.472385522888256,
 8.479001989520729,
 8.630653455946973,
 8.61695400601691,
 8.661637054312964,
 8.632368950571491,
 8.78605061507692,
 8.793166266516542,
 8.879461907651848,
 8.917751168444598,
 9.1142598510651,
 9.17200595360617,
 9.325627698158721,
 9.17976076734838,
 9.193363291770785,
 9.402348601499286,
 9.412537535831206,
 9.601912047385627,
 9.572283048341458,
 9.604035424662804,
 9.827890516027425,
 9.606159741279631,
 9.942639237711816,
 10.032212564177684,
 9.906352233194616,
 9.845714847047201,
 10.345271126804473,
 10.076438095203056,
 10.262156944783834,
 10.569347332763487,
 10.556501747769856,
 10.561636233055742,
 10.613257133510556,
 10.444792734565937,
 10.419733251037716,
 10.523248895159972,
 10.392306338914851,
 10.592548339103704,
 10.595132517766578,
 10.556501747769856,
 10.564205349142597,
 10.707457640612725,
 10.704818385586691,
 10.64708217463231,
 10.515604888698586,
 10.634047059335263,
 10.776538012487642,
 10.80603338898362,
 10.641864295595484,
 10.787244955371378,
 10.797973195008753,
 10.733921945211362,
 10.849225128734746,
 10.86551118096702,
 11.042320923042258,
 10.763184185954206,
 10.911921655860606,
 11.047938995249355,
 11.254067942556405,
 11.357073271528549,
 11.413784018482321,
 11.75039182638669,
 11.596648381929294,
 11.747213467764457,
 12.007035717535294,
 12.189011560574018,
 12.694957085742525,
 12.90622531658995,
 12.829969923286615,
 12.948553425857257,
 12.883253690396083,
 13.309668461638111,
 13.301515525367602,
 13.256852316949075,
 13.10879812566412,
 13.081159093471454,
 13.014518486762118,
 13.06934944036268,
 13.018419721320504,
 12.792179142952918,
 12.555492393849443,
 12.669033894493925,
 12.479726491472766,
 12.282083764232244,
 12.458246755687101,
 12.320410834134803,
 12.12435739540066,
 12.087238572314277,
 12.026986483058774,
 11.980537431813856,
 11.875703634215252,
 11.80789782227438,
 11.843318295698179,
 11.914800600912251,
 11.840089473916361,
 11.905002245154934,
 12.070441409206564,
 12.077154669167175,
 12.369538077563424,
 12.650582053692165,
 12.706099529059454,
 12.78841230574948,
 12.956279293056436,
 13.277116536326883,
 13.537857914689884,
 13.665653930247068,
 13.906323467923526,
 14.347356521415644,
 14.622709828392317,
 14.751850608126748,
 14.787009938823683,
 14.761879058574163,
 14.934473242890363,
 15.116410786747362,
 14.996356419311205,
 14.792046386350533,
 14.986006966985927,
 15.10064262528694,
 15.132211913005303,
 15.275922683899125,
 15.438836896667345,
 15.689829548527888,
 16.12679101014674,
 16.28400757042567,
 16.984531947722033,
 17.323274108625903,
 17.597021146809247,
 17.872200901368377,
 17.73354356485308,
 17.946052971208765,
 18.140955802140844,
 18.19415508601809,
 18.020517921296737,
 18.178923478578966,
 18.324661683681537,
 18.232346007693177,
 17.990657908171166,
 17.490716145922352,
 17.227071872401883,
 17.01114304360564,
 16.839646448361854,
 16.475511453082397,
 16.13278164573744,
 16.192933702582117,
 16.35760760464227,
 15.972581165989409,
 15.861741486605268,
 16.067128446291242,
 16.938162320719673,
 17.842829987808223,
 17.813555451322912,
 17.575656896125118,
 17.19978146151493,
 17.145459214498686,
 16.878914959317996,
 16.807061993159927,
 17.091479020198804,
 17.371779276130056,
 17.441545457961926,
 18.013043629334405,
 18.59933541341552,
 19.17414931140188,
 19.995141892414907,
 20.779640282452227,
 21.563777651601363,
 21.78006428802672,
 21.81288206445263,
 22.13529469435536,
 22.89375234070916,
 22.7022729693284,
 22.248692720453448,
 22.363258594400204,
 22.607729406728374,
 22.595966800377308,
 22.090258489483787,
 22.146582452996043,
 22.57247826939976,
 22.157881729757786,
 21.703872159083097,
 21.24728385045266,
 20.582676867452687,
 20.07833943149571,
 20.096921883537835,
 19.379494953291026,
 18.69541463208145,
 17.61843739972623,
 17.00448245509991,
 16.18689831916706,
 15.148046107542784,
 14.215858654770917,
 13.37525352335238,
 12.632183883166151,
 11.983843319626148,
 11.501442847014081,
 11.115804502258811,
 11.115804502258811,
 11.54731406283573,
 12.355461789566208,
 13.200440179430142,
 14.337883192580135,
 15.549390687549312,
 16.50682181312245,
 17.385687826391187,
 17.64707362467502,
 17.850163662279172,
 17.998113630470456,
 17.497763170961008,
 17.309465201405033,
 16.878914959317996,
 16.162801708345796,
 15.873336326873227,
 15.10064262528694,
 14.399684413237805,
 13.769641151022583,
 12.81104666381275,
 12.1007100000906,
 11.446876170354559,
 10.618446990299564,
 9.979193058438687,
 9.453515061019846,
 8.921414993904111,
 8.565966112490177,
 8.291227222284304,
 8.108560155027106,
 7.987759461159685,
 7.886226292051063,
 7.910646300605677,
 8.001003719661968,
 7.9366681634366225,
 7.830769597967032,
 7.71393395920519,
 7.509847516915996,
 7.32491958008521,
 7.170125175883307,
 7.059403151873407,
 7.022873251993074,
 6.974377419355261,
 7.053670324886342,
 7.284375744771078,
 7.650070140976778,
 8.178803802321124,
 8.859536554533907,
 9.681107487812131,
 10.520699658509008,
 11.303864703364187,
 12.063735608423665,
 12.975634356237,
 14.063940476141571,
 15.048318846266524,
 15.68416330455947,
 15.99022392869118,
 16.54455169155244,
 16.79406349200511,
 17.29567829164683,
 17.27503905740857,
 16.80056022836566,
 16.652395778498928,
 16.690794846397072,
 16.807061993159927,
 16.45678218655746,
 16.13278164573744,
 15.644613901413967,
 15.148046107542784,
 14.827397811650792,
 14.375851767734273,
 13.919694932796542,
 13.747846847206445,
 13.43732926680854,
 13.116716457361873,
 12.72098658181757,
 12.404869520229997,
 12.189011560574018,
 11.830413563150415,
 11.363016271670643,
 10.93114729180096,
 10.60548185355926,
 10.173213443505544,
 9.685425555380277,
 9.317624584922806,
 9.093268046550493,
 8.897653798468596,
 8.55247108907546,
 8.21593798530556,
 7.870505290019059,
 7.693436349039009,
 7.4035881674608275,
 7.0951557246079355,
 6.728032252567803,
 6.350262931762714,
 5.93541727351718,
 5.5628856398520785,
 5.127443706059645,
 4.661312460054223,
 4.294842582112856,
 3.8978144130609573,
 3.5530923824204526,
 3.2110497737763533,
 2.9116015145028955,
 2.6645467936882743,
 2.4702490296527606,
 2.3399487171511413,
 2.280120133896424,
 2.3027278998051526,
 2.4043319598253445,
 2.580938265307255,
 2.818263996776456,
 3.089524663180279,
 3.454183424029681,
 3.796944237657388,
 4.139686225366998,
 4.426607704650411,
 4.634451839752982,
 4.724700629930939,
 4.745350545271545,
 4.632968656958095,
 4.426607704650411,
 4.233714972735933,
 4.056931171445604,
 3.796944237657388,
 3.5423693466823147,
 3.2841385503875666,
 3.0511063784126176,
 2.834265365158598,
 2.6244529967564167,
 2.4331586189884695,
 2.2262378608942583,
 2.035024047154547,
 1.860092864070806,
 1.6996496630528015,
 1.5618171032590782,
 1.4501618869482162,
 1.3724386357706098,
 1.317720983989477,
 1.2766983622990027,
 1.2517855591838698,
 1.2363199780894214,
 1.2226070657712176,
 1.215864055273809,
 1.2100372848436989,
 1.1937726275515446,
 1.1767903587677873,
 1.152463862390542,
 1.1231076104974318,
 1.0928946648126525,
 1.061637043862452,
 1.039479372674131,
 1.0230247854123524,
 1.0169402002136747,
 1.0192552791740053,
 1.0424985763058447,
 1.0818685247820339,
 1.13832690790326,
 1.2174660291075687,
 1.319883545779394,
 1.445528165035454,
 1.616881913266016,
 1.8092587981305277,
 2.0394199666741106,
 2.2792824703645,
 2.5358780912253405,
 2.8044329194320796,
 3.070738046406363,
 3.34355594659521,
 3.624557518805307,
 3.85662447298865,
 4.106803611378267,
 4.42976827726695,
 4.572964956336231,
 4.808397718149379,
 4.9599643890275456,
 5.132897788715897,
 5.256529676873057,
 5.304036173708497,
 5.4225806205924805,
 5.436155737930305,
 5.456646336264,
 5.341218569711621,
 5.385596253760562,
 5.15850435803839,
 5.160956410020819,
 5.159117152568921,
 4.934603816648699,
 4.786141524170729,
 4.6648172062647895,
 4.4565878081400925,
 4.308904473690365,
 4.118096737182362]