EMISSION_x_value1: [200.0, 203.0, 205.0, 207.0, 209.0, 211.0, 213.0, 215.0, 217.0, 219.0, 221.0, 
                    223.0, 225.0, 227.0, 229.0, 231.0, 233.0, 235.0, 237.0, 239.0, 241.0, 243.0, 
                    245.0, 247.0, 249.0, 251.0, 253.0, 255.0, 257.0, 259.0, 261.0, 263.0, 265.0, 
                    267.0, 269.0, 271.0, 273.0, 275.0, 277.0, 279.0, 281.0, 283.0, 285.0, 287.0, 
                    289.0, 291.0, 293.0, 295.0, 297.0, 299.0, 301.0, 303.0, 305.0, 307.0, 309.0, 
                    311.0, 313.0, 315.0, 317.0, 319.0, 321.0, 323.0, 325.0, 327.0, 329.0, 331.0, 
                    333.0, 335.0, 337.0, 339.0, 341.0, 343.0, 345.0, 347.0, 349.0, 351.0, 353.0, 
                    355.0, 357.0, 359.0, 361.0, 363.0, 365.0, 367.0, 369.0, 371.0, 373.0, 375.0, 
                    377.0, 379.0, 381.0, 383.0, 385.0, 387.0, 389.0, 391.0, 393.0, 395.0, 397.0, 
                    399.0, 401.0, 403.0, 405.0, 407.0, 409.0, 411.0, 413.0, 415.0, 417.0, 419.0, 
                    421.0, 423.0, 425.0, 427.0, 429.0, 431.0, 433.0, 435.0, 437.0, 439.0, 441.0, 
                    443.0, 445.0, 447.0, 449.0, 451.0, 453.0, 455.0, 457.0, 459.0, 461.0, 463.0, 
                    465.0, 467.0, 469.0, 471.0, 473.0, 475.0, 477.0, 479.0, 481.0, 483.0, 485.0, 
                    487.0, 489.0, 491.0, 493.0, 495.0, 497.0, 499.0, 501.0, 503.0, 505.0, 507.0, 
                    509.0, 511.0, 513.0, 515.0, 517.0, 519.0, 521.0, 523.0, 525.0, 527.0, 529.0, 
                    531.0, 533.0, 535.0, 537.0, 539.0, 541.0, 543.0, 545.0, 547.0, 549.0, 551.0, 
                    553.0, 555.0, 557.0, 559.0, 561.0, 563.0, 565.0, 567.0, 569.0, 571.0, 573.0, 
                    575.0, 577.0, 579.0, 581.0, 583.0, 585.0, 587.0, 589.0, 591.0, 593.0, 595.0, 
                    597.0, 599.0]

EMISSION_x_value_interp: [200,201,202,203,204,205,206,207,208,209,210,211,212,213,214,215,216,
                          217,218,219,220,221,222,223,224,225,226,227,228,229,230,231,232,233,
                          234,235,236,237,238,239,240,241,242,243,244,245,246,247,248,249,250,
                          251,252,253,254,255,256,257,258,259,260,261,262,263,264,265,266,267,
                          268,269,270,271,272,273,274,275,276,277,278,279,280,281,282,283,284,
                          285,286,287,288,289,290,291,292,293,294,295,296,297,298,299,300,301,
                          302,303,304,305,306,307,308,309,310,311,312,313,314,315,316,317,318,
                          319,320,321,322,323,324,325,326,327,328,329,330,331,332,333,334,335,
                          336,337,338,339,340,341,342,343,344,345,346,347,348,349,350,351,352,
                          353,354,355,356,357,358,359,360,361,362,363,364,365,366,367,368,369,
                          370,371,372,373,374,375,376,377,378,379,380,381,382,383,384,385,386,
                          387,388,389,390,391,392,393,394,395,396,397,398,399,400,401,402,403,
                          404,405,406,407,408,409,410,411,412,413,414,415,416,417,418,419,420,
                          421,422,423,424,425,426,427,428,429,430,431,432,433,434,435,436,437,
                          438,439,440,441,442,443,444,445,446,447,448,449,450,451,452,453,454,
                          455,456,457,458,459,460,461,462,463,464,465,466,467,468,469,470,471,
                          472,473,474,475,476,477,478,479,480,481,482,483,484,485,486,487,488,
                          489,490,491,492,493,494,495,496,497,498,499,500,501,502,503,504,505,
                          506,507,508,509,510,511,512,513,514,515,516,517,518,519,520,521,522,
                          523,524,525,526,527,528,529,530,531,532,533,534,535,536,537,538,539,
                          540,541,542,543,544,545,546,547,548,549,550,551,552,553,554,555,556,
                          557,558,559,560,561,562,563,564,565,566,567,568,569,570,571,572,573,
                          574,575,576,577,578,579,580,581,582,583,584,585,586,587,588,589,590,
                          591,592,593,594,595,596,597,598,599]
                    
// multiplied all values by 2 to make the total prob 1.0 instead of 0.5
EMISSION_y_value2: [0.0,0.0,0.0,0.0,0.0,0.0,0.0,0.0,0.0,0.0,0.0,0.0,0.0,0.0,0.0,0.0,
                    0.0,0.0,0.0,0.0,0.0,0.0,0.0,0.0,0.0,0.0,0.0,0.0,0.0,0.0,0.0,0.0,
                    0.0,0.0,0.0,0.0,0.0,0.0,0.0,0.0,0.0,0.0,0.0,0.0,0.0,0.0,0.0,0.0,
                    0.0,0.0,4.665e-05,5.147e-05,5.548e-05,8.69e-05,0.0001279,7.72e-05,
                    5.47e-05,5.06e-05,5.96e-05,6.75e-05,6.44e-05,6.59e-05,8.2e-05,
                    7.73e-05,0.0001304,0.000153,0.000268,0.000497,0.00073,0.001143,
                    0.002304,0.005087,0.00916,0.01498,0.02294,0.03109,0.03925,0.0452,
                    0.0458,0.0424,0.0382,0.0351,0.0342,0.036,0.0377,0.0381,0.0379,0.0371,
                    0.0345,0.0312,0.0277,0.025,0.0228,0.0216,0.0208,0.02,0.019,0.0181,
                    0.0171,0.0157,0.0145,0.013,0.0119,0.0107,0.0097,0.0092,0.0084,0.0078,
                    0.0073,0.0068,0.0062,0.0059,0.0054,0.0047,0.0044,0.004,0.0036,0.0033,
                    0.0029,0.0027,0.0025,0.0023,0.002,0.0019,0.0018,0.0015,0.0015,0.0013,
                    0.0012,0.0011,0.0009,0.0009,0.0008,0.0007,0.0007,0.0005,0.0006,0.0005,
                    0.0004,0.0004,0.0004,0.0003,0.0003,0.0003,0.0003,0.0002,0.0002,0.0002,
                    0.0002,0.0001,0.0002,0.0001,0.0001,0.0001,0.0001,0.0001,0.0001,0.0001,
                    0.0001,0.0,0.0001,0.0001,0.0,0.0001,0.0,0.0001,0.0,0.0001,0.0,0.0,0.0001,
                    0.0,0.0,0.0001,0.0,0.0,0.0,0.0,0.0,0.0,0.0,0.0,0.0,0.0,0.0,0.0,0.0,0.0,
                    0.0,0.0,0.0,0.0,0.0,0.0,0.0,0.0,0.0,0.0,0.0,0.0]

EMISSION_y_value_interp: [0.0,0.0,0.0,0.0,0.0,0.0,0.0,0.0,0.0,0.0,0.0,0.0,0.0,0.0,0.0,
                          0.0,0.0,0.0,0.0,0.0,0.0,0.0,0.0,0.0,0.0,0.0,0.0,0.0,0.0,0.0,
                          0.0,0.0,0.0,0.0,0.0,0.0,0.0,0.0,0.0,0.0,0.0,0.0,0.0,0.0,0.0,
                          0.0,0.0,0.0,0.0,0.0,0.0,0.0,0.0,0.0,0.0,0.0,0.0,0.0,0.0,0.0,
                          0.0,0.0,0.0,0.0,0.0,0.0,0.0,0.0,0.0,0.0,0.0,0.0,0.0,0.0,0.0,
                          0.0,0.0,0.0,0.0,0.0,0.0,0.0,0.0,0.0,0.0,0.0,0.0,0.0,0.0,0.0,
                          0.0,0.0,0.0,0.0,0.0,0.0,0.0,0.0,0.0,0.0,2.3325e-05,4.665e-05,
                          4.906e-05,5.147e-05,5.3475e-05,5.548e-05,7.119e-05,8.69e-05,
                          0.0001074,0.0001279,0.00010255,7.72e-05,6.595e-05,5.47e-05,
                          5.265e-05,5.06e-05,5.51e-05,5.96e-05,6.355e-05,6.75e-05,6.595e-05,
                          6.44e-05,6.515e-05,6.59e-05,7.395000000000001e-05,8.2e-05,
                          7.965e-05,7.73e-05,0.00010385,0.0001304,0.0001417,0.000153,
                          0.00021050000000000002,0.000268,0.00038250000000000003,0.000497,
                          0.0006135,0.00073,0.0009364999999999999,0.001143,0.0017235,
                          0.002304,0.0036955,0.005087,0.0071235,0.00916,0.01207,0.01498,
                          0.018959999999999998,0.02294,0.027014999999999997,0.03109,
                          0.03517,0.03925,0.042225,0.0452,0.0455,0.0458,0.0441,0.0424,
                          0.0403,0.0382,0.03665,0.0351,0.03465,0.0342,0.0351,0.036,
                          0.036849999999999994,0.0377,0.0379,0.0381,0.038000000000000006,
                          0.0379,0.037500000000000006,0.0371,0.0358,0.0345,
                          0.032850000000000004,0.0312,0.029449999999999997,0.0277,
                          0.02635,0.025,0.0239,0.0228,0.0222,0.0216,0.0212,0.0208,
                          0.0204,0.02,0.0195,0.019,0.01855,0.0181,0.0176,0.0171,
                          0.016399999999999998,0.0157,0.015099999999999999,0.0145,
                          0.01375,0.013,0.01245,0.0119,0.011300000000000001,0.0107,
                          0.0102,0.0097,0.00945,0.0092,0.008799999999999999,0.0084,
                          0.0081,0.0078,0.007549999999999999,0.0073,0.00705,0.0068,0.0065,
                          0.0062,0.00605,0.0059,0.0056500000000000005,0.0054,
                          0.005050000000000001,0.0047,0.00455,0.0044,0.004200000000000001,
                          0.004,0.0038,0.0036,0.00345,0.0033,0.0031,0.0029,0.0028,0.0027,
                          0.0026,0.0025,0.0024000000000000002,0.0023,0.00215,0.002,0.00195,
                          0.0019,0.00185,0.0018,0.00165,0.0015,0.0015,0.0015,0.0014,0.0013,
                          0.0012499999999999998,0.0012,0.00115,0.0011,0.001,0.0009,0.0009,
                          0.0009,0.0008500000000000001,0.0008,0.00075,0.0007,0.0007,0.0007,
                          0.0006000000000000001,0.0005,0.0005499999999999999,0.0006,
                          0.0005499999999999999,0.0005,0.00045,0.0004,0.0004,0.0004,0.0004,
                          0.0004,0.00035,0.0003,0.0003,0.0003,0.0003,0.0003,0.0003,0.0003,
                          0.00025,0.0002,0.0002,0.0002,0.0002,0.0002,0.0002,0.0002,
                          0.00015000000000000001,0.0001,0.00015000000000000001,0.0002,
                          0.00015000000000000001,0.0001,0.0001,0.0001,0.0001,0.0001,0.0001,
                          0.0001,0.0001,0.0001,0.0001,0.0001,0.0001,0.0001,0.0001,0.0001,
                          5e-05,0.0,5e-05,0.0001,0.0001,0.0001,5e-05,0.0,5e-05,0.0001,5e-05,
                          0.0,5e-05,0.0001,5e-05,0.0,5e-05,0.0001,5e-05,0.0,0.0,0.0,5e-05,
                          0.0001,5e-05,0.0,0.0,0.0,5e-05,0.0001,5e-05,0.0,0.0,0.0,0.0,0.0,
                          0.0,0.0,0.0,0.0,0.0,0.0,0.0,0.0,0.0,0.0,0.0,0.0,0.0,0.0,0.0,0.0,
                          0.0,0.0,0.0,0.0,0.0,0.0,0.0,0.0,0.0,0.0,0.0,0.0,0.0,0.0,0.0,0.0,
                          0.0,0.0,0.0,0.0,0.0,0.0,0.0,0.0,0.0,0.0,0.0,0.0,0.0,0.0]