PPO_abs_wavelength: [200.0,204.0,208.0,212.0,216.0,220.0,224.0,228.0,232.0,236.0,240.0,
244.0,248.0,252.0,256.0,260.0,264.0,268.0,272.0,276.0,280.0,284.0,288.0,292.0,296.0,
300.0,304.0,308.0,312.0,316.0,320.0,324.0,328.0,332.0,336.0,340.0,344.0,348.0,352.0,
356.0,360.0,364.0,368.0,372.0,376.0,380.0,384.0,388.0,392.0,396.0,400.0,404.0,408.0,
412.0,416.0,420.0,424.0,428.0,432.0,436.0,440.0,444.0,448.0,452.0,456.0,460.0,464.0,
468.0,472.0,476.0,480.0,484.0,488.0,492.0,496.0,500.0,504.0,508.0,512.0,516.0,520.0,
524.0,528.0,532.0,536.0,540.0,544.0,548.0,552.0,556.0,560.0,564.0,568.0,572.0,576.0,
580.0,584.0,588.0,592.0,596.0]

PPO_abs_wavelength_interp: [200,201,202,203,204,205,206,207,208,209,210,211,212,213,214,
                            215,216,217,218,219,220,221,222,223,224,225,226,227,228,229,
                            230,231,232,233,234,235,236,237,238,239,240,241,242,243,244,
                            245,246,247,248,249,250,251,252,253,254,255,256,257,258,259,
                            260,261,262,263,264,265,266,267,268,269,270,271,272,273,274,
                            275,276,277,278,279,280,281,282,283,284,285,286,287,288,289,
                            290,291,292,293,294,295,296,297,298,299,300,301,302,303,304,
                            305,306,307,308,309,310,311,312,313,314,315,316,317,318,319,
                            320,321,322,323,324,325,326,327,328,329,330,331,332,333,334,
                            335,336,337,338,339,340,341,342,343,344,345,346,347,348,349,
                            350,351,352,353,354,355,356,357,358,359,360,361,362,363,364,
                            365,366,367,368,369,370,371,372,373,374,375,376,377,378,379,
                            380,381,382,383,384,385,386,387,388,389,390,391,392,393,394,
                            395,396,397,398,399,400,401,402,403,404,405,406,407,408,409,
                            410,411,412,413,414,415,416,417,418,419,420,421,422,423,424,
                            425,426,427,428,429,430,431,432,433,434,435,436,437,438,439,
                            440,441,442,443,444,445,446,447,448,449,450,451,452,453,454,
                            455,456,457,458,459,460,461,462,463,464,465,466,467,468,469,
                            470,471,472,473,474,475,476,477,478,479,480,481,482,483,484,
                            485,486,487,488,489,490,491,492,493,494,495,496,497,498,499,
                            500,501,502,503,504,505,506,507,508,509,510,511,512,513,514,
                            515,516,517,518,519,520,521,522,523,524,525,526,527,528,529,
                            530,531,532,533,534,535,536,537,538,539,540,541,542,543,544,
                            545,546,547,548,549,550,551,552,553,554,555,556,557,558,559,
                            560,561,562,563,564,565,566,567,568,569,570,571,572,573,574,
                            575,576,577,578,579,580,581,582,583,584,585,586,587,588,589,
                            590,591,592,593,594,595,596,597,598,599]

PPO_abs_length: [0.08, 0.08, 0.08, 0.08, 0.08, 0.08, 0.08, 0.08, 0.08, 0.08, 0.08, 
0.08, 0.08, 0.08, 0.08, 0.08, 0.08, 0.08, 0.08, 0.08, 0.08, 0.08, 0.08, 0.08, 0.08, 
0.10, 0.08, 0.08, 0.08, 0.08, 0.10, 0.13, 0.16, 0.18, 0.35, 2.67, 14.54, 46.42, 153.48, 
615.48, 3161.72, 11648.37, 29581.64, 79147.82, 93991.11, 109496.92, 125691.65, 89736.18, 
131206.78, 123521.51, 230805.52, 301136.01, 231729.56, 401878.06, 278144.19, 309747.94, 
279570.68, 728541.73, 3095913.02, 510117.89, 426679.58, 1850493.69, 1652157.67, 2985087.36, 
693746.67, 4180757.35, 5463284.31, 765928.83, 329421.59, 194373.59, 522505.93, 571240.90, 
622653.32, 1614170.10, 333176.48, 472655.80, 296342.65, 1546301.99, 1702251.32, 1581002.71, 
262241.69, 263677.05, 211228.28, 255327.25, 327434.98, 284494.18, 584698.18, 1077385.82, 
470561.53, 422805.68, 315478.30, 422805.68, 850638.26, 2078453.04, 372815.85, 8712957.16, 
2576189.30, 3486620.69, 3298503.54, 5159158.15]

PPO_abs_length_interp: [0.08,0.08,0.08,0.08,0.08,0.08,0.08,0.08,0.08,0.08,0.08,0.08,0.08,
                        0.08,0.08,0.08,0.08,0.08,0.08,0.08,0.08,0.08,0.08,0.08,0.08,0.08,
                        0.08,0.08,0.08,0.08,0.08,0.08,0.08,0.08,0.08,0.08,0.08,0.08,0.08,
                        0.08,0.08,0.08,0.08,0.08,0.08,0.08,0.08,0.08,0.08,0.08,0.08,0.08,
                        0.08,0.08,0.08,0.08,0.08,0.08,0.08,0.08,0.08,0.08,0.08,0.08,0.08,
                        0.08,0.08,0.08,0.08,0.08,0.08,0.08,0.08,0.08,0.08,0.08,0.08,0.08,
                        0.08,0.08,0.08,0.08,0.08,0.08,0.08,0.08,0.08,0.08,0.08,0.08,0.08,
                        0.08,0.08,0.08,0.08,0.08,0.08,0.085,0.09,0.095,0.1,0.095,0.09,0.085,
                        0.08,0.08,0.08,0.08,0.08,0.08,0.08,0.08,0.08,0.08,0.08,0.08,0.08,0.085,
                        0.09,0.095,0.1,0.10750000000000001,0.115,0.1225,0.13,0.1375,
                        0.14500000000000002,0.1525,0.16,0.165,0.16999999999999998,0.175,
                        0.18,0.22249999999999998,0.265,0.3075,0.35,0.9299999999999999,
                        1.5099999999999998,2.09,2.67,5.637499999999999,8.605,11.5725,14.54,
                        22.509999999999998,30.48,38.45,46.42,73.185,99.94999999999999,
                        126.71499999999999,153.48,268.98,384.48,499.98,615.48,1252.04,1888.6,
                        2525.16,3161.72,5283.3825,7405.045,9526.7075,11648.37,16131.6875,
                        20615.004999999997,25098.3225,29581.64,41973.185,54364.73,
                        66756.27500000001,79147.82,82858.6425,86569.465,90280.2875,
                        93991.11,97867.5625,101744.015,105620.4675,109496.92,113545.6025,
                        117594.285,121642.9675,125691.65,116702.7825,107713.915,98725.04749999999,
                        89736.18,100103.82999999999,110471.48,120839.13,131206.78,129285.4625,
                        127364.14499999999,125442.8275,123521.51,150342.51249999998,
                        177163.51499999998,203984.5175,230805.52,248388.1425,265970.765,283553.3875,
                        301136.01,283784.3975,266432.78500000003,249081.1725,231729.56,
                        274266.685,316803.81,359340.935,401878.06,370944.5925,340011.125,
                        309077.6575,278144.19,286045.1275,293946.065,301847.0025,309747.94,
                        302203.625,294659.31,287114.995,279570.68,391813.4425,504056.20499999996,
                        616298.9675,728541.73,1320384.5525,1912227.375,2504070.1975,
                        3095913.02,2449464.2375,1803015.455,1156566.6725,510117.89,489258.3125,
                        468398.735,447539.15750000003,426679.58,782633.1074999999,
                        1138586.635,1494540.1625,1850493.69,1800909.685,1751325.68,
                        1701741.6749999998,1652157.67,1985390.0924999998,2318622.5149999997,
                        2651854.9375,2985087.36,2412252.1875,1839417.015,1266581.8424999998,
                        693746.67,1565499.34,2437252.0100000002,3309004.68,4180757.35,4501389.09,
                        4822020.83,5142652.569999999,5463284.31,4288945.4399999995,
                        3114606.57,1940267.7000000002,765928.83,656802.02,547675.21,438548.4,
                        329421.59,295659.59,261897.59000000003,228135.59,194373.59,
                        276406.675,358439.76,440472.845,522505.93,534689.6725,546873.415,
                        559057.1575,571240.9,584094.005,596947.11,609800.215,
                        622653.32,870532.515,1118411.71,1366290.905,1614170.1,1293921.695,
                        973673.29,653424.885,333176.48,368046.31,402916.14,437785.97,472655.8,
                        428577.5125,384499.225,340420.9375,296342.65,608832.485,921322.32,
                        1233812.1549999998,1546301.99,1585289.3225,1624276.655,1663263.9875,
                        1702251.32,1671939.1675,1641627.0150000001,1611314.8625,
                        1581002.71,1251312.455,921622.2,591931.945,262241.69,262600.53,
                        262959.37,263318.20999999996,263677.05,250564.85749999998,
                        237452.66499999998,224340.4725,211228.28,222253.0225,233277.765,
                        244302.5075,255327.25,273354.1825,291381.115,309408.0475,327434.98,
                        316699.77999999997,305964.57999999996,295229.38,284494.18,359545.18,
                        434596.18000000005,509647.18000000005,584698.18,707870.0900000001,
                        831042.0,954213.91,1077385.82,925679.7475,773973.675,622267.6025,
                        470561.53,458622.5675,446683.605,434744.6425,422805.68,395973.83499999996,
                        369141.99,342310.145,315478.3,342310.145,369141.99,395973.83499999996,
                        422805.68,529763.825,636721.97,743680.115,850638.26,1157591.955,1464545.65,
                        1771499.345,2078453.04,1652043.7425000002,1225634.445,799225.1475,
                        372815.85,2457851.1775,4542886.505,6627921.8325,8712957.16,7178765.195,
                        5644573.23,4110381.2649999997,2576189.3,2803797.1475,3031404.995,
                        3259012.8425,3486620.69,3439591.4025,3392562.115,3345532.8275,3298503.54,
                        3763667.1925,4228830.845000001,4693994.4975000005,5159158.15,5159158.15,
                        5159158.15,5159158.15]